0.19017 0.10347 0.04067 0.02298 0.01444 0.01412 0.01196 0.01306 0.00730 0.01116 0.01172
0.47581 0.24175 0.11413 0.12444 0.06097 0.03654 0.01726 0.02859 0.01875 0.01772 0.01068
0.61169 0.42881 0.26209 0.14968 0.09585 0.05174 0.05052 0.03017 0.01808 0.02073 0.02387
0.69988 0.47708 0.36079 0.24234 0.14211 0.14224 0.03426 0.06584 0.02198 0.02643 0.01933
0.75191 0.53090 0.36691 0.31734 0.23461 0.15837 0.15843 0.09954 0.07953 0.05773 0.04427
0.79976 0.56203 0.43196 0.35094 0.28268 0.23465 0.18699 0.14390 0.09648 0.07497 0.07592
0.83646 0.59409 0.45884 0.37228 0.29904 0.23804 0.19239 0.17408 0.11959 0.09660 0.10381
0.85932 0.62368 0.47827 0.38955 0.32125 0.26758 0.22892 0.19002 0.16217 0.12500 0.08115
0.87733 0.63892 0.49319 0.40106 0.33479 0.28595 0.24686 0.21356 0.19353 0.16364 0.10912
0.89976 0.64946 0.51097 0.41189 0.34800 0.29772 0.26061 0.22306 0.17281 0.16874 0.15234
0.91733 0.65961 0.52087 0.42479 0.35441 0.30578 0.26579 0.23804 0.20299 0.18337 0.16047
