0.38023 0.07388 0.01361 0.00749 0.00314 0.00570 0.00196 0.00225 0.00194 0.00121 0.00128
0.53988 0.20912 0.08241 0.00613 0.00692 0.00136 0.00615 0.00157 0.00484 0.00116 0.00180
0.64124 0.39269 0.24385 0.09356 0.02889 0.00518 0.00251 0.00340 0.00339 0.00347 0.00231
0.72374 0.44317 0.29616 0.20153 0.07931 0.06846 0.03208 0.00765 0.00562 0.00396 0.00792
0.77724 0.49098 0.33481 0.25330 0.14160 0.06646 0.06769 0.02640 0.02329 0.00866 0.00628
0.81327 0.52411 0.37621 0.27896 0.21151 0.15786 0.09531 0.07384 0.01590 0.02343 0.00860
0.84475 0.54806 0.39196 0.30015 0.24034 0.18372 0.13077 0.09231 0.08952 0.04053 0.01965
0.87302 0.56891 0.41160 0.32125 0.25454 0.20361 0.16040 0.13201 0.06029 0.08329 0.03579
0.89066 0.58298 0.42719 0.33128 0.26735 0.21799 0.18087 0.11564 0.13036 0.07465 0.08879
0.90832 0.59343 0.44006 0.33660 0.27485 0.22573 0.19141 0.16717 0.13559 0.08548 0.05031
0.92182 0.60743 0.44569 0.34885 0.28532 0.23993 0.19713 0.17178 0.14339 0.06309 0.08282
