0.79535 0.53016 0.40435 0.31916 0.26681 0.23142 0.19588 0.17996 0.16499 0.14808 0.13326
0.84785 0.56881 0.42175 0.34364 0.27839 0.24544 0.21299 0.19144 0.17290 0.15319 0.14454
0.87923 0.58186 0.43771 0.35408 0.29371 0.25194 0.22023 0.19776 0.17640 0.16011 0.14876
0.90410 0.60066 0.45404 0.36092 0.30487 0.25820 0.22894 0.20209 0.18500 0.16642 0.15096
0.92368 0.61167 0.46523 0.36396 0.31129 0.26466 0.23105 0.20597 0.18714 0.17097 0.15871
0.94034 0.62805 0.47210 0.37670 0.31244 0.27009 0.23495 0.21195 0.19258 0.17402 0.15694
0.95211 0.63451 0.47831 0.38166 0.31846 0.27444 0.24075 0.21429 0.19137 0.17591 0.16114
0.96156 0.64444 0.48210 0.38608 0.32140 0.27302 0.24345 0.21641 0.19440 0.17540 0.16194
0.96849 0.64895 0.48168 0.38736 0.32467 0.27790 0.24295 0.21492 0.19696 0.17791 0.16159
0.97427 0.65259 0.49204 0.39194 0.32511 0.27997 0.24715 0.21821 0.19291 0.17825 0.16223
0.98056 0.65432 0.49104 0.39088 0.33130 0.28047 0.24510 0.22191 0.19714 0.18016 0.16559
