0.27587 0.05839 0.02757 0.02000 0.01108 0.00821 0.00687 0.00928 0.00808 0.00649 0.00544
0.47021 0.19961 0.09133 0.03196 0.02523 0.01520 0.01036 0.01211 0.00874 0.00984 0.00942
0.58135 0.33366 0.18996 0.07454 0.03934 0.03200 0.02337 0.01194 0.01412 0.00820 0.01008
0.68980 0.42577 0.23963 0.15984 0.10208 0.04364 0.04049 0.02466 0.02605 0.00981 0.01376
0.75733 0.46985 0.31171 0.22996 0.15453 0.08997 0.07150 0.05209 0.02683 0.02046 0.01866
0.79604 0.51333 0.36011 0.27162 0.19330 0.14731 0.09611 0.05995 0.04652 0.02867 0.02035
0.83368 0.52807 0.38865 0.28796 0.22289 0.15424 0.11366 0.07773 0.05887 0.04308 0.04022
0.85947 0.55943 0.40788 0.31204 0.23979 0.19150 0.14949 0.11738 0.08114 0.05338 0.04823
0.88203 0.57608 0.41897 0.32459 0.25947 0.19637 0.16721 0.13881 0.10979 0.08994 0.06750
0.90247 0.58901 0.43026 0.33627 0.26642 0.21984 0.18399 0.14181 0.12346 0.10112 0.08291
0.91533 0.60229 0.44188 0.34909 0.27866 0.23675 0.19253 0.16644 0.12830 0.11436 0.09538
